"","HW1","HW2","HW3","HW4","HW5","HW6","HW7","HW8","HW9","ATT","QZ1","QZ2","QZ3","QZ4","EX1","EX2","Lab","Test1","Test2","Homework","Quiz","Overall","Grade"
"1",100,100,100,100,100,100,100,100,100,12,100,100,100,100,80,90,100,100,100,100,100,100,"A+"
"2",85,95,100,95,95,95,100,100,100,12,91.6666666666667,88.8888888888889,90,95,57.6,74.7,100,72,83,97.5,92.2222222222222,88.2333333333333,"A-"
"3",87.5,100,85,70,100,98,0,80,0,7,83.3333333333333,55.5555555555556,50,0,56.8,54.9,20,71,61,77.5625,62.962962962963,64.1631944444445,"C-"
"4",92.5,100,100,100,96.25,99,100,92.5,95,12,66.6666666666667,88.8888888888889,65,65,69.6,58.05,100,87,64.5,97.84375,73.5185185185185,83.9059027777778,"B"
"5",32.5,0,65,60,0,46,0,0,0,5,41.6666666666667,50,0,0,40,16.2,0,50,18,25.4375,30.5555555555556,26.7145833333333,"F"
"6",75,85,92.5,95,100,91,0,0,90,9,91.6666666666667,94.4444444444444,0,75,73.6,71.1,60,92,79,78.5625,87.037037037037,80.7743055555556,"B-"
"7",90,100,97.5,95,80,80,52,90,90,12,91.6666666666667,50,75,90,78.4,68.85,100,98,76.5,90.3125,85.5555555555555,88.6520833333333,"A-"
"8",92.5,95,100,90,100,72,95,74.5,100,12,83.3333333333333,44.4444444444444,60,65,52,63.9,100,65,71,93.375,69.4444444444444,79.1791666666667,"C+"
"9",82.5,85,92.5,70,100,0,84,90,95,12,91.6666666666667,100,70,95,80,73.8,100,100,82,87.375,95.5555555555555,91.0458333333333,"A"
"10",75,95,95,95,95,96,0,100,98,12,58.3333333333333,55.5555555555556,65,80,63.2,70.65,100,79,78.5,93.625,67.7777777777778,83.6791666666667,"B"
"11",0,77.5,0,15,0,70,80,80,57.5,11,66.6666666666667,27.7777777777778,35,15,21.6,50.4,100,27,56,47.5,43.1481481481481,50.1222222222222,"D"
"12",95,100,100,100,100,90,100,100,70,12,100,100,80,100,77.6,87.3,100,97,97,98.125,100,98.0875,"A+"
"13",82.5,0,82.5,80,100,0,0,0,70,12,75,38.8888888888889,45,60,42.4,41.4,100,53,46,51.875,60,56.6625,"D"
"14",80,92.5,87.5,100,100,69,51.5,80,75,12,100,83.3333333333333,67.5,100,70.4,68.4,100,88,76,85.5,94.4444444444445,86.4166666666667,"B+"
"15",87.5,100,100,100,85,90,100,100,80,12,66.6666666666667,72.2222222222222,60,75,68,70.2,100,85,78,95.3125,71.2962962962963,85.7881944444444,"B"
"16",50,0,67.5,50,0,78,41.5,82.5,80,11,33.3333333333333,55.5555555555556,70,85,40,36.9,100,50,41,56.1875,70.1851851851852,57.6340277777778,"D"
"17",47.5,70,77.5,30,85,55,78,92.5,80,11,66.6666666666667,16.6666666666667,0,30,47.2,20.7,100,59,23,73.1875,37.7777777777778,55.1729166666667,"D"
"18",77.5,85,100,100,95,93,82,90,95,12,75,55.5555555555556,70,65,59.2,69.3,100,74,77,92.5,70,82.3,"B"
"19",65,92.5,92.5,0,95,80,74,80,80,12,83.3333333333333,50,65,70,64,67.95,100,80,75.5,82.375,72.7777777777778,80.5041666666667,"B-"
"20",52.5,75,85,90,86.25,99,70,100,0,8,66.6666666666667,77.7777777777778,25,50,61.6,62.1,40,77,69,82.21875,64.8148148148148,71.0378472222222,"C"
"21",77.5,97.5,100,100,100,100,100,100,100,12,91.6666666666667,100,70,100,69.6,70.2,100,87,78,99.6875,97.2222222222222,91.3895833333333,"A"
"22",95,77.5,95,100,100,87,100,90,100,12,100,94.4444444444444,70,95,64,77.4,100,80,86,95.875,96.4814814814815,90.7347222222222,"A"
"23",70,67.5,75,70,95,77,79,0,63.5,11,91.6666666666667,61.1111111111111,0,80,54.4,45,100,68,50,74.625,77.5925925925926,70.1263888888889,"C"
"24",77.5,70,87.5,90,80,81,87,90,85,11,66.6666666666667,0,0,70,35.2,31.5,100,44,35,84.75,45.5555555555556,59.8083333333333,"D"
"25",72.5,72.5,85,80,90,93,100,100,100,12,91.6666666666667,88.8888888888889,70,95,64.8,81,100,81,90,90.0625,91.8518518518518,89.4965277777778,"A-"
"26",80,80,85,60,92.5,71,48,64,95,12,33.3333333333333,22.2222222222222,40,25,39.2,42.75,100,49,47.5,78.4375,32.7777777777778,60.1229166666667,"C-"
"27",97,100,100,100,100,98,100,0,96,12,75,38.8888888888889,0,100,67.2,77.4,100,84,86,98.875,71.2962962962963,88.6569444444444,"A-"
"28",92.5,100,100,80,100,0,83,95,90,12,66.6666666666667,16.6666666666667,75,70,50.4,61.2,100,63,68,92.5625,70.5555555555556,77.9520833333333,"C+"
"29",87.5,55,87.5,52.5,70,98,90,90,80,12,83.3333333333333,66.6666666666667,30,80,57.6,62.1,100,72,69,82.25,76.6666666666667,77.825,"C+"
"30",92.5,92.5,85,90,95,87,73,100,80,12,83.3333333333333,72.2222222222222,85,90,72,67.5,100,90,75,90.25,86.1111111111111,86.7416666666667,"B+"
"31",52.5,97.5,100,90,95,95,100,85,70,12,91.6666666666667,55.5555555555556,65,75,64.8,70.65,100,81,78.5,91.5625,77.2222222222222,84.8770833333333,"B"
"32",86.5,94,95,100,95,90,77,60,98,10,66.6666666666667,61.1111111111111,65,85,63.2,64.35,80,79,71.5,91.9375,72.2222222222222,80.0895833333333,"B-"
"33",88.5,85,100,100,100,99,100,100,94,12,100,88.8888888888889,90,100,79.2,67.05,100,99,74.5,97.6875,96.6666666666667,92.23125,"A"
"34",95,98,100,80,100,90,52,70,100,12,83.3333333333333,44.4444444444444,75,80,62.4,48.15,100,78,53.5,91.625,79.4444444444444,78.3791666666667,"C+"
"35",85,77.5,92.5,55,65,64,26,62.5,85,12,33.3333333333333,50,30,60,29.6,24.75,100,37,27.5,73.3125,47.7777777777778,53.4354166666667,"D"
"36",87.5,100,100,70,95,100,78,90,80,12,66.6666666666667,44.4444444444444,40,90,62.4,35.1,100,78,39,91.3125,67.037037037037,72.7993055555555,"C"
"37",76,72.5,50,0,61.25,71,51,50,80,12,58.3333333333333,55.5555555555556,50,20,44.8,63.45,100,56,70.5,63.96875,54.6296296296296,66.2100694444444,"C-"
"38",81,97.5,100,75,95,87,82,90,95,12,100,100,75,55,67.2,75.6,100,84,84,90.9375,91.6666666666667,88.83125,"A-"
"39",92.5,100,92.5,90,100,95,85,90,80,12,87.5,66.6666666666667,65,100,66.4,63,100,83,70,93.125,84.7222222222222,84.7458333333333,"B"
"40",87.5,100,92.5,90,95,91,90,95,100,11,83.3333333333333,66.6666666666667,82.5,85,72,81,100,90,90,94.1875,83.6111111111111,91.2979166666667,"A"
"41",93.5,95,97.5,100,100,76,95,90,80,12,100,77.7777777777778,75,65,76.8,75.15,100,96,83.5,93.875,84.2592592592593,90.8763888888889,"A"
"42",75,82.5,100,100,90,88,84,87.5,100,12,91.6666666666667,88.8888888888889,70,90,76.8,76.5,100,96,85,91.5,90.1851851851852,91.4277777777778,"A"
"43",87.5,62.5,80,70,100,96,92,100,70,12,58.3333333333333,66.6666666666667,60,75,58.4,54.9,100,73,61,86.9375,67.2222222222222,76.0145833333333,"C"
"44",90,90,72.5,90,100,97,100,95,100,12,83.3333333333333,61.1111111111111,65,65,55.2,41.4,100,69,46,95.25,71.1111111111111,74.5416666666667,"C"
"45",70,90,90,80,69.5,54,82,0,100,9,50,38.8888888888889,40,40,37.6,43.2,60,47,48,79.4375,43.3333333333333,57.73125,"D"
"46",95,85,90,50,56,86,92,75,55,12,87.5,77.7777777777778,45,75,42.4,27,100,53,30,79.25,80.0925925925926,63.8888888888889,"C-"
"47",82.5,100,97.5,90,91.25,99,97,100,100,12,91.6666666666667,88.8888888888889,90,100,67.2,73.8,100,84,82,96.84375,93.8888888888889,90.4364583333333,"A"
"48",95,100,100,90,95,99,97,80,100,12,100,94.4444444444444,90,95,70.4,83.25,100,88,92.5,97,96.4814814814815,94.2972222222222,"A"
"49",100,100,97.5,100,100,95,100,100,60,12,95.8333333333333,61.1111111111111,75,70,55.2,69.3,100,69,77,99.0625,80.2777777777778,84.8104166666667,"B"
"50",67.5,100,100,90,95,90,100,90,100,12,100,77.7777777777778,70,100,71.2,83.7,100,89,93,95.625,92.5925925925926,93.6263888888889,"A"
"51",92.5,85,92.5,100,100,93,91,90,75,12,95.8333333333333,83.3333333333333,75,70,66.4,80.1,100,83,89,93,84.7222222222222,89.4583333333333,"A-"
"52",80,85,92.5,0,95,66,80.5,67.5,100,12,66.6666666666667,88.8888888888889,85,80,49.6,62.55,100,62,69.5,83.3125,84.6296296296296,77.4631944444444,"C"
"53",0,77.5,100,80,100,90,80,0,65,12,87.5,94.4444444444444,75,85,34.4,69.3,100,43,77,74.0625,88.9814814814815,73.4159722222222,"C"
"54",92.5,95,85,100,100,99,89,100,100,12,91.6666666666667,100,75,100,67.2,70.2,100,84,78,96.9375,97.2222222222222,89.9645833333333,"A-"
"55",90,95,100,100,100,99,100,80,85,12,100,100,75,100,71.2,76.5,100,89,85,96.125,100,92.8875,"A"
"56",87.5,77.5,97.5,90,97,96,90,80,80,12,95.8333333333333,0,55,80,56,60.75,100,70,67.5,89.75,76.9444444444444,79.3416666666667,"C+"
"57",92.5,100,100,100,95,99,94,99,95,12,75,100,85,95,70.4,77.4,100,88,86,97.75,93.3333333333333,92.425,"A"
"58",95,98,92.5,70,95,98,100,100,98,12,100,77.7777777777778,50,90,68.8,70.2,100,86,78,97.0625,89.2592592592593,89.2076388888889,"A-"
"59",82,100,91.5,100,100,90,100,70,96,12,50,77.7777777777778,60,95,55.2,63.9,100,69,71,94.9375,77.5925925925926,81.6701388888889,"B-"
"60",82.5,100,85,75,95,86,26,45,65,12,33.3333333333333,55.5555555555556,50,85,36.8,36,100,46,40,79.1875,63.5185185185185,62.4840277777778,"C-"
"61",90,95,100,100,100,96,100,95,100,12,66.6666666666667,94.4444444444444,75,90,44.8,63,100,56,70,98.25,86.4814814814815,81.1472222222222,"B-"
"62",87.5,77.5,100,80,85,99,100,100,85,11,66.6666666666667,55.5555555555556,25,60,38.4,40.95,100,48,45.5,92.0625,60.7407407407407,67.7048611111111,"C-"
"63",74,100,85,90,90,96,86,90,98,12,91.6666666666667,77.7777777777778,75,90,60.8,76.05,100,76,84.5,91.875,86.4814814814815,86.8597222222222,"B+"
"64",80,60,95,80,85,91,68,80,67.5,12,41.6666666666667,61.1111111111111,55,80,36.8,45,100,46,50,80.8125,65.3703703703704,65.7493055555556,"C-"
"65",91.5,97,87.5,80,90,82,90,90,98,12,58.3333333333333,72.2222222222222,55,75,51.2,39.15,100,64,43.5,90.75,68.5185185185185,71.1777777777778,"C"
"66",80,95,90,80,97.5,94,73,90,85,12,58.3333333333333,66.6666666666667,57.5,100,64.8,64.35,100,81,71.5,88.9375,75,82.00625,"B"
"67",92.5,95,100,100,95,98,70,100,100,12,91.6666666666667,61.1111111111111,60,90,66.4,73.35,100,83,81.5,97.5625,80.9259259259259,88.3826388888889,"A-"
"68",92.5,100,100,90,100,93,89,80,60,12,83.3333333333333,77.7777777777778,55,80,65.6,63.9,100,82,71,93.0625,80.3703703703704,84.1243055555556,"B"
"69",80,77.5,70,65,100,97,100,75,85,12,58.3333333333333,55.5555555555556,25,40,56.8,34.2,100,71,38,85.5625,51.2962962962963,67.0631944444444,"C-"
"70",80,0,92.5,90,90,79,0,70,51.5,12,91.6666666666667,88.8888888888889,0,100,75.2,68.85,100,94,76.5,69.125,93.5185185185185,82.6902777777778,"B"
"71",0,10,47.5,0,90,0,56,40,75,7,54.1666666666667,27.7777777777778,30,80,43.2,31.5,20,54,35,39.8125,54.7222222222222,41.7020833333333,"F"
"72",85,85,92.5,60,95,98,100,80,100,12,91.6666666666667,50,75,95,47.2,57.6,100,59,64,91.9375,87.2222222222222,78.4645833333333,"C+"
"73",70,89,70,80,85,96,0,90,0,11,75,44.4444444444444,65,0,64,54.9,100,80,61,72.5,61.4814814814815,72.2222222222222,"C"
"74",85,97.5,100,85,75,97,97,95,85,12,25,44.4444444444444,35,65,48.8,36.45,100,61,40.5,92.6875,48.1481481481482,67.3534722222222,"C-"
"75",94.5,100,85,100,100,98,90,100,96,12,75,61.1111111111111,80,80,78.4,72,100,98,80,97.3125,78.3333333333333,90.54375,"A"
"76",62.5,65,32.5,27.5,0,79,79,75,94,12,91.6666666666667,33.3333333333333,25,55,44,54.9,100,55,61,64.3125,60,64.54375,"C-"
"77",85,70,85,95,100,88,88,100,85,12,75,100,90,100,47.2,65.7,100,59,73,90.75,96.6666666666667,81.775,"B-"
"78",92.5,100,100,100,100,100,100,95,100,12,91.6666666666667,88.8888888888889,80,80,59.2,71.1,100,74,79,99.375,86.8518518518518,87.3902777777778,"B+"
"79",92.5,100,100,100,95,90,100,95,85,12,100,88.8888888888889,80,80,76,74.25,100,95,82.5,96.5625,89.6296296296296,92.0381944444444,"A"
"80",80,75,90,90,100,93,98,90,85,12,91.6666666666667,88.8888888888889,75,100,69.6,76.5,100,87,85,90.75,93.5185185185185,89.9027777777778,"A-"
"81",92.5,82.5,87.5,90,100,82,82,0,85,9,50,44.4444444444444,0,25,45.6,52.2,60,57,58,87.6875,39.8148148148148,64.1784722222222,"C-"
"82",76,80,100,95,90,93,89,87.5,80,12,100,66.6666666666667,70,85,55.2,66.6,100,69,74,89.3125,85,81.84375,"B-"
"83",82.5,85,92.5,95,90,100,100,100,80,12,66.6666666666667,55.5555555555556,85,0,62.4,47.25,100,78,52.5,93.125,69.0740740740741,77.0236111111111,"C"
"84",77.5,62.5,97.5,80,0,83,100,75,70,11,66.6666666666667,44.4444444444444,70,80,67.2,69.3,100,84,77,80.6875,72.2222222222222,81.0895833333333,"B-"
"85",77.5,100,100,100,100,99,92,100,98,12,91.6666666666667,100,90,100,76,85.5,100,95,95,98.625,97.2222222222222,96.9208333333333,"A+"
"86",87.5,85,92.5,80,100,99,0,100,75,12,100,100,60,100,75.2,70.2,100,94,78,89.875,100,90.2625,"A"
"87",67.5,95,82.5,95,60,79,89,100,85,12,83.3333333333333,83.3333333333333,67.5,95,76.8,81.9,100,96,91,86.625,87.2222222222222,91.0208333333333,"A"
"88",30,0,0,100,85,91,77,85,85,12,25,55.5555555555556,25,30,38.4,38.7,100,48,43,69.125,36.8518518518519,56.6152777777778,"D"
"89",92.5,100,100,0,100,100,0,100,100,12,91.6666666666667,100,100,100,64,78.3,100,80,87,86.5625,100,88.71875,"A-"
"90",82.5,0,95,100,95,99,100,100,100,9,75,72.2222222222222,80,95,70.4,75.6,60,88,84,96.4375,83.3333333333333,86.03125,"B+"
"91",77.5,97.5,100,70,0,96,100,80,75,12,66.6666666666667,11.1111111111111,45,75,48.8,49.5,100,61,55,87,62.2222222222222,71.3833333333333,"C"
"92",80,75,0,67.5,77.5,87,100,82.5,90,11,83.3333333333333,83.3333333333333,90,90,57.6,72.9,100,72,81,82.4375,87.7777777777778,82.5479166666667,"B"
"93",0,85,80,75,100,78,0,90,0,12,91.6666666666667,38.8888888888889,75,0,58.4,37.35,100,73,41.5,63.5,68.5185185185185,64.3027777777778,"C-"
"94",87.5,85,92.5,85,95,91,92,90,90,12,91.6666666666667,50,0,85,64,65.7,100,80,73,90.375,75.5555555555556,82.6958333333333,"B"
"95",73.5,0,92.5,90,80,0,100,100,75,12,83.3333333333333,72.2222222222222,65,95,70.4,65.7,100,88,73,76.375,83.5185185185185,81.2902777777778,"B-"
"96",79,95,92.5,65,72.5,91,100,0,76,11,33.3333333333333,77.7777777777778,95,95,59.2,75.6,100,74,84,83.875,89.2592592592593,84.3513888888889,"B"
"97",0,0,0,42.5,0,0,0,0,0,10,58.3333333333333,0,0,0,42.4,35.55,80,53,39.5,5.3125,19.4444444444444,32.9854166666667,"F"
"98",100,97.5,100,90,100,99,100,100,100,12,100,77.7777777777778,90,95,69.6,84.6,100,87,94,99.5625,95,95.01875,"A+"
"99",92.5,95,100,0,100,93,90,85,100,12,83.3333333333333,100,70,80,65.6,80.55,100,82,89.5,94.4375,87.7777777777778,90.2729166666667,"A"
"100",96,97.5,100,0,100,89,97,100,99,12,100,66.6666666666667,80,95,73.6,78.3,100,92,87,97.3125,91.6666666666667,93.09375,"A"
"101",45,77.5,67.5,70,90,71,89,90,85,12,33.3333333333333,72.2222222222222,47.5,70,57.6,63.9,100,72,71,80,63.2407407407407,75.6361111111111,"C"
"102",0,85,85,67.5,90,88,96,75,95,12,58.3333333333333,66.6666666666667,50,0,48.8,40.95,100,61,45.5,85.1875,58.3333333333333,67.88125,"C-"
"103",85,92.5,100,100,95,90,100,97.5,100,12,100,77.7777777777778,75,60,62.4,61.2,100,78,68,96.875,84.2592592592593,84.3013888888889,"B"
"104",82.5,70,100,65,97,71,78,85,85,11,75,38.8888888888889,55,80,70.4,55.8,100,88,62,83.5625,70,78.66875,"C+"
"105",92.5,92.5,100,80,95,97,97,95,80,12,83.3333333333333,55.5555555555556,75,90,57.6,54.9,100,72,61,93.625,82.7777777777778,80.1541666666667,"B-"
"106",55,85,100,100,60,100,80,90,90,12,91.6666666666667,77.7777777777778,85,100,71.2,76.5,100,89,85,88.125,92.2222222222222,89.3208333333333,"A-"
"107",92.5,77.5,92.5,100,100,96,89,97.5,99,12,83.3333333333333,72.2222222222222,80,100,58.4,71.55,100,73,79.5,95.8125,87.7777777777778,86.3854166666667,"B+"
"108",62.5,97.5,82.5,67.5,90,98,100,80,100,12,75,72.2222222222222,57.5,75,55.2,50.4,100,69,56,89.4375,74.0740740740741,75.7423611111111,"C"
"109",100,100,92.5,100,100,0,94,85,0,10,41.6666666666667,83.3333333333333,70,0,71.2,75.6,80,89,84,83.9375,65,81.73125,"B-"
"110",87.5,92.5,100,90,87,96,94,95,70,12,95.8333333333333,83.3333333333333,70,15,64.8,42.3,100,81,47,92.75,83.0555555555556,78.2333333333333,"C+"
"111",92.5,100,100,100,100,99,100,100,97,12,100,100,100,100,64.8,88.2,100,81,98,99.5,100,95.55,"A+"
"112",95,96,100,100,100,97,30,95,98,12,91.6666666666667,44.4444444444444,80,95,44,63.9,100,55,71,97.625,88.8888888888889,81.3708333333333,"B-"
"113",77.5,95,97.5,80,100,94,99,100,85,12,83.3333333333333,88.8888888888889,60,100,60.8,72.9,100,76,81,93.8125,90.7407407407407,87.2048611111111,"B+"
"114",88.5,97,100,90,100,99,97,100,85,12,66.6666666666667,88.8888888888889,95,65,57.6,72.9,100,72,81,96.4375,83.5185185185185,86.1090277777778,"B+"
"115",72.5,62.5,100,99,100,0,0,100,99,10,91.6666666666667,83.3333333333333,0,85,62.4,78.75,80,78,87.5,79.125,86.6666666666667,82.2125,"B"
"116",87,100,92.5,80,100,89,50,80,98,12,83.3333333333333,0,60,85,66.4,82.8,100,83,92,90.8125,76.1111111111111,88.2604166666667,"A-"
"117",75,100,100,90,100,95,97,95,85,12,91.6666666666667,66.6666666666667,65,95,62.4,60.3,100,78,67,95.25,84.4444444444444,83.5916666666667,"B"
"118",92.5,85,85,0,95,99,81,90,75,12,91.6666666666667,94.4444444444444,45,90,52.8,75.15,100,66,83.5,87.8125,92.037037037037,84.2243055555556,"B"
"119",84,100,87.5,70,100,97,100,90,100,12,83.3333333333333,61.1111111111111,95,80,42.4,55.35,100,53,61.5,94.8125,86.1111111111111,77.3354166666667,"C"
"120",77.5,95,95,95,90,89,99,90,85,12,100,77.7777777777778,90,100,71.2,87.3,100,89,97,92.25,96.6666666666667,94.225,"A"
"121",62.5,90,52.4,90,54,75,25,0,60,11,50,11.1111111111111,0,5,21.6,23.4,100,27,26,63.6125,22.037037037037,44.2893055555556,"F"
"122",80,85,85,90,72,95,92,100,60,12,79.1666666666667,72.2222222222222,55,90,65.6,65.7,100,82,73,87.375,80.4629629629629,82.9319444444444,"B"
"123",0,62.5,10,55,66,0,0,60,30,7,75,0,15,40,32.8,29.25,20,41,32.5,35.4375,43.3333333333333,35.45625,"F"
"124",87.5,85,100,100,95,90,100,90,80,12,100,83.3333333333333,65,95,49.6,62.1,100,62,69,93.4375,92.7777777777778,81.5979166666667,"B-"
"125",77.5,95,75,100,100,90,97.5,95,100,12,100,88.8888888888889,95,85,56,73.8,100,70,82,94.375,94.6296296296296,87.0069444444444,"B+"
"126",92.5,100,100,100,100,93,88,100,80,12,66.6666666666667,27.7777777777778,75,90,64.8,69.75,100,81,77.5,96.6875,77.2222222222222,86.1645833333333,"B+"
"127",88.5,100,100,100,100,99,100,100,100,12,100,100,85,90,68,77.4,100,85,86,99.875,96.6666666666667,92.9625,"A"
"128",50,100,97.5,75,76.25,94,77,93.5,75,12,91.6666666666667,100,90,100,70.4,76.5,100,88,85,86.03125,97.2222222222222,89.2427083333333,"A-"
"129",80,100,77.5,77.5,95,90,95,80,0,9,66.6666666666667,77.7777777777778,67.5,0,76,58.95,60,95,65.5,86.875,70.6481481481482,78.0347222222222,"C+"
"130",77.5,90,100,100,90,95,97,100,100,12,75,77.7777777777778,80,90,64.8,59.85,100,81,66.5,96.5,82.5925925925926,84.1638888888889,"B"
"131",86,97.5,100,90,100,98,97,100,100,12,83.3333333333333,100,90,100,77.6,80.1,100,97,89,97.8125,96.6666666666667,95.49375,"A+"
"132",100,100,97.5,100,100,100,100,100,100,12,100,100,100,100,80,85.5,100,100,95,100,100,98.75,"A+"
"133",95,85,100,100,100,93,100,90,100,12,100,100,90,100,72,84.6,100,90,94,97.25,100,95.675,"A+"
"134",100,99,100,90,100,99,100,95,99,12,100,88.8888888888889,95,95,72,78.3,100,90,87,99,96.6666666666667,93.95,"A"
"135",60,100,92.5,100,100,94,100,80,100,12,75,50,45,65,62.4,75.6,100,78,84,95.8125,63.3333333333333,84.84375,"B"
"136",87.5,92.5,100,80,95,89,95,95,90,12,83.3333333333333,77.7777777777778,65,70,55.2,79.2,100,69,88,93,77.037037037037,85.2555555555556,"B"
"137",99,83,92.5,98,100,0,0,0,0,6,33.3333333333333,16.6666666666667,0,0,29.6,12.6,0,37,14,59.0625,16.6666666666667,31.11875,"F"
"138",100,100,100,100,100,100,0,100,96,11,75,77.7777777777778,55,80,64.8,58.5,100,81,65,99.5,77.5925925925926,83.9388888888889,"B"
"139",82.5,100,93.5,100,100,95,80,90,100,12,66.6666666666667,88.8888888888889,70,85,63.2,63.45,100,79,70.5,95.125,81.2962962962963,84.1569444444444,"B"
"140",52.5,100,82.5,90,100,94,100,75,85,12,91.6666666666667,50,42.5,85,66.8,74.25,100,83.5,82.5,90.8125,75.5555555555556,85.9020833333333,"B"
"141",60,70,85,75,0,0,0,0,0,3,66.6666666666667,77.7777777777778,0,95,67.2,65.7,0,84,73,36.25,79.8148148148148,57.8972222222222,"D"
"142",90,0,70,90,0,44,0,40,55,10,91.6666666666667,77.7777777777778,55,65,43.2,49.5,80,54,55,48.625,78.1481481481481,58.8597222222222,"D"
"143",87.5,100,100,100,100,100,100,100,80,12,100,100,65,100,80,84.6,100,100,94,98.4375,100,98.03125,"A+"
"144",92.5,100,100,70,100,100,92,100,80,12,91.6666666666667,94.4444444444444,85,85,60.8,50.85,100,76,56.5,95.5625,90.3703703703704,81.5493055555556,"B-"
"145",87.5,60,100,100,95,92,79,95,100,12,58.3333333333333,66.6666666666667,70,95,60,76.5,100,75,85,93.5625,77.2222222222222,85.9020833333333,"B"
"146",85,95,100,100,95,100,89,97.5,85,12,91.6666666666667,66.6666666666667,82.5,100,72,79.2,100,90,88,95.1875,91.3888888888889,92.2645833333333,"A"
"147",83.5,100,0,90,70,94,76,100,100,12,100,61.1111111111111,90,95,60,67.05,100,75,74.5,89.1875,95,84.63125,"B"
"148",85,100,92.5,100,95,100,90,65,100,12,66.6666666666667,100,75,85,66.4,79.2,100,83,88,95.3125,86.6666666666667,90.19375,"A"
"149",92.5,100,92.5,70,100,82,86,60,100,12,66.6666666666667,66.6666666666667,40,45,69.6,63.9,100,87,71,90.375,59.4444444444444,81.1791666666667,"B-"
"150",92.5,97.5,95,100,91.25,100,94,100,95,12,83.3333333333333,77.7777777777778,40,95,62.4,66.6,100,78,74,96.75,85.3703703703704,85.9305555555556,"B"
"151",86,100,100,90,100,92.5,0,90,100,12,58.3333333333333,33.3333333333333,85,90,32.8,66.6,100,41,74,94.8125,77.7777777777778,76.8104166666667,"C"
"152",92.5,100,0,90,100,100,89,100,100,12,83.3333333333333,72.2222222222222,80,95,70.4,77.4,100,88,86,96.4375,86.1111111111111,90.9479166666667,"A"
"153",82.5,80,95,90,100,98,92,100,85,11,91.6666666666667,88.8888888888889,60,90,68,72.9,100,85,81,92.8125,90.1851851851852,88.6215277777778,"A-"
"154",85,42.5,0,0,0,66,0,0,80,6,83.3333333333333,66.6666666666667,0,70,52,43.2,0,65,48,34.1875,73.3333333333333,46.25625,"F"
"155",77.5,100,97.5,65,72,81,97,100,75,10,79.1666666666667,50,0,85,64.8,62.1,80,81,69,87.5,71.3888888888889,78.4083333333333,"C+"
"156",70,80,90,100,90,0,90,90,85,12,91.6666666666667,0,75,90,36,46.8,100,45,52,86.875,85.5555555555555,70.8958333333333,"C"
"157",77.5,92.5,95,90,0,95,94,100,100,10,66.6666666666667,88.8888888888889,70,45,66.4,70.2,80,83,78,93,75.1851851851852,83.2777777777778,"B"
"158",92.5,97.5,100,100,100,99,97,100,100,12,91.6666666666667,61.1111111111111,85,70,57.6,72.9,100,72,81,99.1875,82.2222222222222,86.7395833333333,"B+"
"159",89.5,100,97.5,80,96.25,96,51,85,100,12,100,66.6666666666667,75,85,69.6,74.7,100,87,83,93.03125,86.6666666666667,89.059375,"A-"
"160",89,100,55,98,100,83,100,0,97,9,75,61.1111111111111,0,100,70.4,69.3,60,88,77,90.25,78.7037037037037,81.7305555555556,"B-"
"161",65,82.5,87.5,85,95,95,100,90,80,12,91.6666666666667,77.7777777777778,75,95,70.4,78.3,100,88,87,89.375,88.1481481481482,89.3847222222222,"A-"
"162",92.5,100,100,70,100,100,91,80,90,12,100,66.6666666666667,60,90,68.8,73.35,100,86,81.5,94.1875,85.5555555555555,88.6645833333333,"A-"
"163",92.5,97.5,100,0,100,99,94,90,100,12,91.6666666666667,88.8888888888889,80,95,71.2,79.2,100,89,88,96.625,91.8518518518518,92.5652777777778,"A"
"164",92.5,82,92.5,75,100,99,76,90,89,12,100,83.3333333333333,80,40,67.2,78.3,100,84,87,90.125,87.7777777777778,88.7541666666667,"A-"
"165",70,78,95,0,90,97,100,80,100,11,75,27.7777777777778,50,55,64.8,63.9,100,81,71,88.75,60,79.575,"B-"
"166",80,57.5,100,60,80,78,70,95,94,12,83.3333333333333,66.6666666666667,70,90,68.8,64.35,100,86,71.5,82.125,81.1111111111111,81.8791666666667,"B-"
"167",92.5,100,92.5,95,100,97,97,100,85,12,58.3333333333333,50,52.5,60,68,63,100,85,70,96.75,56.9444444444444,82.0666666666667,"B"
"168",82.5,100,100,100,100,98,71,100,91,12,91.6666666666667,83.3333333333333,80,95,69.6,80.1,100,87,89,96.4375,90,92.08125,"A"
"169",80,0,95,0,55,0,0,0,75,7,83.3333333333333,0,0,65,53.6,60.75,20,67,67.5,38.125,49.4444444444444,51.1291666666667,"D"
"170",42.5,52.5,90,72.5,100,95,88,80,85,12,83.3333333333333,88.8888888888889,42.5,80,65.6,63,100,82,70,82.875,84.0740740740741,81.3736111111111,"B-"
"171",80,92.5,100,90,100,94,85,90,85,11,91.6666666666667,88.8888888888889,75,100,66.4,57.15,100,83,63.5,92.0625,93.5185185185185,84.1215277777778,"B"
"172",70,100,92.5,82.5,100,99,97,90,85,12,75,83.3333333333333,80,90,69.6,80.1,100,87,89,93.25,84.4444444444444,90.2916666666667,"A"
"173",90,100,100,100,95,99,100,100,100,12,91.6666666666667,100,80,90,70.4,74.7,100,88,83,99.25,93.8888888888889,92.2083333333333,"A"
"174",70,92.5,90,85,95,99,88,90,90,12,91.6666666666667,88.8888888888889,75,90,69.6,65.7,100,87,73,91.1875,90.1851851851852,86.5340277777778,"B+"
"175",100,100,85,90,85,89,92,95,95,12,100,94.4444444444444,80,100,79.2,81.9,100,99,91,93.25,98.1481481481482,95.2472222222222,"A+"
"176",100,100,92.5,80,100,98,100,80,100,10,100,0,90,0,70.4,82.8,80,88,92,96.3125,63.3333333333333,86.99375,"B+"
"177",40,0,82.5,0,70,0,52,0,98,12,58.3333333333333,61.1111111111111,0,75,46.4,36,100,58,40,42.8125,64.8148148148148,54.1659722222222,"D"
"178",92.5,100,92.5,90,100,96,85,90,85,12,83.3333333333333,88.8888888888889,80,75,60,70.65,100,75,78.5,93.25,84.0740740740741,85.2111111111111,"B"
"179",92.5,85,100,85,95,100,92,90,75,12,91.6666666666667,61.1111111111111,80,100,71.2,74.7,100,89,83,92.4375,90.5555555555555,89.8645833333333,"A-"
"180",87,100,100,100,100,93,91,80,98,10,83.3333333333333,88.8888888888889,50,85,48,54,80,60,60,96.125,85.7407407407407,76.6986111111111,"C"
"181",75,97.5,67.5,80,95,90,58,100,85,12,100,77.7777777777778,67.5,85,57.6,56.7,100,72,63,86.25,87.5925925925926,79.1638888888889,"C+"
"182",100,100,92.5,90,95,95,100,100,80,12,83.3333333333333,100,80,100,72,80.1,100,90,89,96.5625,94.4444444444445,93.3854166666667,"A"
"183",85,85,85,85,85,72,85,65,80,6,75,38.8888888888889,60,70,48.8,54.9,0,61,61,82.75,68.3333333333333,62.525,"C-"
"184",92.5,70,90,75,100,100,84,100,75,12,100,88.8888888888889,85,95,69.6,66.6,100,87,74,89.5625,94.6296296296296,86.9631944444444,"B+"
"185",85,99,92.5,0,0,0,0,0,0,3,41.6666666666667,0,0,0,75.2,66.6,0,94,74,34.5625,13.8888888888889,49.7520833333333,"F"
"186",80,100,100,0,90,0,100,70,0,10,83.3333333333333,0,30,70,64,55.35,80,80,61.5,67.5,61.1111111111111,68.7916666666667,"C-"
"187",65,100,55,90,100,86.5,100,85,85,9,83.3333333333333,88.8888888888889,52.5,90,68,60.3,60,85,67,88.9375,87.4074074074074,79.5423611111111,"B-"
"188",60,100,92.5,100,95,71,90,92.5,85,10,91.6666666666667,88.8888888888889,52.5,100,72,74.25,80,90,82.5,90.75,93.5185185185185,87.8777777777778,"B+"
"189",75,100,100,100,100,95,100,100,100,12,100,88.8888888888889,82.5,100,66.4,76.05,100,83,84.5,99.375,96.2962962962963,91.9819444444445,"A"
"190",67.5,80,77.5,47.5,100,80,76,77.5,80,12,83.3333333333333,77.7777777777778,75,80,44,64.35,100,55,71.5,79.8125,80.3703703703704,74.8743055555556,"C"
"191",73.5,70,92.5,80,100,97,90,100,96,12,66.6666666666667,61.1111111111111,75,85,65.6,73.8,100,82,82,91.125,75.5555555555556,85.5708333333333,"B"
"192",75,90,95,70,85,85,0,62.5,100,12,83.3333333333333,88.8888888888889,40,80,59.2,68.4,100,74,76,82.8125,84.0740740740741,81.2548611111111,"B-"
"193",70,97.5,100,70,100,100,97,95,85,12,91.6666666666667,50,80,70,61.2,64.8,100,76.5,72,93.0625,80.5555555555556,83.3020833333333,"B"
"194",82.5,100,100,100,97,100,100,90,75,12,91.6666666666667,72.2222222222222,65,80,62.4,57.15,100,78,63.5,96.1875,81.2962962962963,82.5256944444444,"B"
"195",91.5,97.5,98,90,92,95,62,95,90,12,66.6666666666667,44.4444444444444,90,90,64,65.25,100,80,72.5,93.625,82.2222222222222,84.5458333333333,"B"
"196",100,72.5,100,100,100,99,97,100,100,12,66.6666666666667,100,85,50,66.4,67.5,100,83,75,99.5,83.8888888888889,87.7833333333333,"B+"
"197",95,100,100,100,100,89,98,85,100,12,91.6666666666667,66.6666666666667,60,80,52.8,63.9,100,66,71,97.75,79.4444444444444,82.1916666666667,"B"
"198",62.5,0,0,0,65,76,71,90,97.5,9,0,44.4444444444444,55,100,68,34.2,60,85,38,57.75,66.4814814814815,59.7972222222222,"D"
"199",52.5,55,85,67.5,90,78,92,80,80,12,50,72.2222222222222,0,85,52,54.45,100,65,60.5,78.4375,69.0740740740741,72.0173611111111,"C"
"200",92.5,97.5,0,85,90,76,81,90,80,12,91.6666666666667,50,60,75,69.6,78.3,100,87,87,86.5,75.5555555555556,86.4333333333333,"B+"
"201",100,100,92.5,90,100,99,90,95,100,12,100,100,85,90,70.4,80.1,100,88,89,97.0625,96.6666666666667,93.46875,"A"
"202",82,100,87.5,90,100,96,100,80,95,11,75,72.2222222222222,55,75,55.2,57.6,100,69,64,93.8125,74.0740740740741,79.0548611111111,"C+"
"203",72.5,95,100,80,100,76,100,90,70,12,91.6666666666667,100,100,100,68.8,81,100,86,90,89.1875,100,91.45625,"A"
"204",82.5,85,95,90,100,95,87,85,85,12,91.6666666666667,88.8888888888889,70,100,59.2,71.1,100,74,79,90.25,93.5185185185185,85.6527777777778,"B"
"205",89.5,100,100,70,100,0,97,100,98,10,75,72.2222222222222,70,75,56,56.7,80,70,63,94.3125,74.0740740740741,77.1548611111111,"C"
"206",95,75,100,100,100,99,85,85,100,12,50,55.5555555555556,50,95,60.8,51.3,100,76,57,95.5,66.8518518518518,78.1277777777778,"C+"
"207",92.5,100,100,100,100,100,100,100,100,12,66.6666666666667,61.1111111111111,80,90,66.4,66.6,100,83,74,100,78.8888888888889,86.9333333333333,"B+"
"208",92.5,0,92.5,95,100,95,0,0,80,9,83.3333333333333,0,35,60,55.2,41.4,60,69,46,69.375,59.4444444444444,61.0291666666667,"C-"
"209",67,0,47.5,90,100,59,59,80,98,12,91.6666666666667,88.8888888888889,85,90,63.2,70.65,100,79,78.5,75.0625,90.1851851851852,81.4715277777778,"B-"
"210",90,90,90,90,0,0,0,0,0,6,50,0,35,0,66.24,12.6,0,82.8,14,45,28.3333333333333,37.81,"F"
"211",90,80,80,60,71.25,95,95,100,90,12,66.6666666666667,77.7777777777778,65,75,63.2,61.65,100,79,68.5,87.65625,73.1481481481482,80.1940972222222,"B-"
"212",0,0,82.5,75,90,0,87,0,80,10,75,0,50,90,30.4,27,80,38,30,51.8125,71.6666666666667,49.39375,"F"
"213",77.5,100,92.5,65,90,78,97,95,80,12,70.8333333333333,55.5555555555556,85,90,40.8,65.7,100,51,73,88.75,81.9444444444444,77.3666666666667,"C"
"214",90,77.5,100,90,100,83,100,100,100,12,50,50,80,35,54.4,58.05,100,68,64.5,95.375,60,77.3375,"C"
"215",85,100,100,95,100,96,88,90,85,12,91.6666666666667,100,70,85,68,73.35,100,85,81.5,94.25,92.2222222222222,89.4833333333333,"A-"
"216",100,100,100,90,94,98,97,85,91,12,83.3333333333333,77.7777777777778,55,80,70.4,65.7,100,88,73,96.25,80.3703703703704,86.7805555555556,"B+"
"217",75,85,92.5,55,51,68,76,80,80,12,66.6666666666667,50,50,85,68.8,63,100,86,70,76.4375,67.2222222222222,77.7145833333333,"C+"
"218",88.5,0,0,100,85,99,90,85,79,12,91.6666666666667,88.8888888888889,65,95,68.8,69.3,100,86,77,78.3125,91.8518518518518,83.7215277777778,"B"
"219",77.5,100,92.5,90,95,97,100,90,0,11,100,66.6666666666667,85,95,61.6,81.9,100,77,91,92.75,93.3333333333333,89.975,"A-"
"220",72.5,100,100,95,100,83,88,60,85,12,91.6666666666667,72.2222222222222,75,90,71.2,74.7,100,89,83,90.4375,85.5555555555555,88.5145833333333,"A-"
"221",55,92.5,92.5,97.5,75,77,100,85,85,12,41.6666666666667,77.7777777777778,52.5,95,60.8,70.65,100,76,78.5,88.0625,75.0925925925926,82.5076388888889,"B"
"222",90,90,90,90,90,93,67,0,0,11,75,100,0,0,69.6,61.2,100,87,68,76.25,58.3333333333333,76.025,"C"
"223",67.5,67.5,95,77.5,100,87.5,70,90,85,7,33.3333333333333,0,25,45,68.8,62.1,20,86,69,84.0625,34.4444444444444,66.8354166666667,"C-"
"224",73.5,80,100,100,90,89,94,90,0,12,66.6666666666667,77.7777777777778,75,85,63.2,60.75,100,79,67.5,89.5625,79.2592592592593,81.4326388888889,"B-"
"225",92.5,100,100,30,100,100,100,85,75,12,91.6666666666667,27.7777777777778,0,100,63.6,44.1,100,79.5,49,94.0625,73.1481481481481,77.3409722222222,"C"
"226",65,50,72.5,90,80,0,0,62.5,0,8,83.3333333333333,72.2222222222222,50,0,65.6,63.45,40,82,70.5,52.5,68.5185185185185,64.0527777777778,"C-"
"227",92.5,100,100,90,100,99,99,87.5,100,12,58.3333333333333,88.8888888888889,80,55,48.8,53.1,100,61,59,97.5625,75.7407407407407,77.5798611111111,"C+"
"228",88.5,92.5,95,60,85,0,0,100,0,11,58.3333333333333,0,40,35,56.8,49.95,100,71,55.5,65.125,44.4444444444444,64.2791666666667,"C-"
"229",72.5,100,77.5,45,89,90,90,75,65,12,54.1666666666667,55.5555555555556,75,65,57.6,54,100,72,60,82.375,65.1851851851852,73.8902777777778,"C"
"230",87.5,100,82.5,90,100,90,100,80,85,12,58.3333333333333,72.2222222222222,30,55,61.6,24.3,100,77,27,91.875,61.8518518518518,68.9902777777778,"C-"
"231",77.5,77.5,95,100,99,92,80,87.5,85,11,33.3333333333333,44.4444444444444,65,60,61.6,44.1,100,77,49,89.5,56.4814814814815,72.9722222222222,"C"
"232",73.5,72.5,60,0,80,0,0,60,0,11,66.6666666666667,55.5555555555556,40,0,68,49.5,100,85,55,43.25,54.0740740740741,61.8361111111111,"C-"
"233",100,85,92.5,100,90,99,0,100,100,12,66.6666666666667,100,100,85,61.2,80.1,100,76.5,89,95.8125,95,90.54375,"A"
"234",94,100,100,100,100,98,100,100,100,12,100,83.3333333333333,70,85,71.2,77.85,100,89,86.5,99.75,89.4444444444445,92.7666666666667,"A"
"235",97.5,100,97.5,100,100,86,100,90,100,12,91.6666666666667,100,65,90,62.4,80.1,100,78,89,98.125,93.8888888888889,91.3708333333333,"A"
"236",94.5,97,96,100,80,100,97,100,100,12,75,83.3333333333333,50,100,64,68.85,100,80,76.5,98.0625,86.1111111111111,87.4604166666667,"B+"
"237",92.5,100,100,98,100,98,86,100,98,12,100,83.3333333333333,50,80,66.4,72,100,83,80,98.3125,87.7777777777778,89.2604166666667,"A-"
"238",100,100,100,65,95,94,100,95,100,12,100,55.5555555555556,80,90,70.4,80.1,100,88,89,98,90,92.75,"A"
"239",100,85,100,100,100,99,97,80,95,12,100,100,95,100,80,84.6,100,100,94,97,100,97.6,"A+"
"240",92.5,100,97.5,80,95,100,90,100,70,12,100,100,85,100,79.2,88.2,100,99,98,94.375,100,97.6125,"A+"
"241",95,85,100,70,0,99,95,95,100,12,91.6666666666667,72.2222222222222,50,90,77.6,86.4,100,97,96,92.375,84.6296296296296,93.8069444444444,"A"
"242",92.5,100,95,100,100,90,100,85,97.5,12,25,33.3333333333333,20,65,31.2,20.7,100,39,23,96.875,41.1111111111111,58.7791666666667,"D"
"243",92.5,100,97.5,100,100,99,92,100,85,12,91.6666666666667,88.8888888888889,95,95,63.2,68.85,100,79,76.5,97.625,93.8888888888889,88.2958333333333,"A-"
"244",87.5,87.5,100,60,95,72,70,80,0,12,83.3333333333333,61.1111111111111,60,0,62.4,62.1,100,78,69,81.5,68.1481481481482,77.5222222222222,"C+"
"245",80,0,77.5,20,0,37,67,50,85,10,33.3333333333333,16.6666666666667,30,40,50.4,58.5,80,63,65,52.0625,34.4444444444444,57.6354166666667,"D"
"246",82.5,95,90,77.5,100,95,84,85,100,12,83.3333333333333,88.8888888888889,80,75,46.4,61.2,100,58,68,91.4375,84.0740740740741,78.6423611111111,"C+"
"247",82.5,97.5,75,50,42.5,86,61,85,100,12,58.3333333333333,61.1111111111111,35,80,55.2,49.95,100,69,55.5,79.625,66.4814814814815,71.5347222222222,"C"
"248",96,99,91.5,70,93,86,65,75,90,12,66.6666666666667,38.8888888888889,30,70,41.6,35.1,100,52,39,87.5625,58.5185185185185,65.1965277777778,"C-"
"249",75,85,100,100,100,99,90,90,80,11,91.6666666666667,83.3333333333333,95,95,70.4,82.8,100,88,92,93,93.8888888888889,92.5833333333333,"A"
"250",92.5,100,100,90,100,99,100,95,100,12,91.6666666666667,77.7777777777778,75,65,66.4,70.2,100,83,78,98.3125,81.4814814814815,87.8159722222222,"B+"
"251",94.5,84,95,95,100,98,86,100,0,12,66.6666666666667,72.2222222222222,80,70,40.8,58.95,100,51,65.5,94.0625,74.0740740740741,75.9048611111111,"C"
"252",72.5,77.5,0,75,85,0,0,0,65,10,0,27.7777777777778,35,35,19.2,18.45,80,24,20.5,46.875,32.5925925925926,36.8763888888889,"F"
"253",100,79,85,95,85,91,79,75,92,12,91.6666666666667,44.4444444444444,90,90,64,63.9,100,80,71,88.25,90.5555555555555,83.8083333333333,"B"
"254",92.5,100,100,90,98,99,97,100,95,12,66.6666666666667,66.6666666666667,55,75,25.6,54.9,100,32,61,97.6875,69.4444444444444,71.3729166666667,"C"
"255",100,100,90,100,100,94,100,100,0,11,100,77.7777777777778,75,0,72,72.9,100,90,81,98,84.2592592592593,90.2888888888889,"A"
"256",93,73,100,88,100,96,80,95,95,10,100,50,65,60,76,65.25,80,95,72.5,93.375,75,84.3875,"B"
"257",100,85,97.5,100,95,0,89,90,90,11,79.1666666666667,94.4444444444444,50,85,49.6,66.6,100,62,74,93.3125,86.2037037037037,81.8243055555556,"B-"
"258",92.5,100,100,70,100,100,100,100,85,12,75,88.8888888888889,95,0,67.2,72.45,100,84,80.5,97.1875,86.2962962962963,89.0256944444444,"A-"
"259",92.5,92.5,90,90,100,90,100,90,85,12,83.3333333333333,72.2222222222222,85,100,63.2,86.4,100,79,96,93.125,89.4444444444445,91.1541666666667,"A"
"260",68,55.5,85,0,65,50,52,0,20,10,50,50,30,35,43.2,28.8,80,54,32,49.4375,45,48.38125,"F"
"261",92.5,92.5,100,90,100,100,100,0,80,12,95.8333333333333,100,0,100,70.4,78.3,100,88,87,94.375,98.6111111111111,92.4541666666667,"A"
"262",57.5,100,100,0,80,93,76,75,95,12,75,72.2222222222222,70,90,79.2,66.6,100,99,74,84.5625,79.0740740740741,85.5298611111111,"B"
"263",89.5,57,95,90,0,98,0,75,100,9,75,77.7777777777778,45,55,37.6,71.1,60,47,79,75.5625,69.2592592592593,68.2076388888889,"C-"
"264",89.5,79,97.5,100,90,99,100,100,99,12,100,88.8888888888889,75,90,68.8,85.95,100,86,95.5,96.875,92.962962962963,94.0819444444444,"A"
"265",75,100,92.5,100,100,99,100,90,100,12,83.3333333333333,88.8888888888889,95,100,77.6,77.4,100,97,86,97.6875,94.6296296296296,94.4006944444444,"A"
"266",87.5,92.5,90,80,90,80,89,90,55,12,75,77.7777777777778,80,100,52,71.1,100,65,79,87.375,85.9259259259259,81.8513888888889,"B-"
"267",57.5,70,82.5,0,55,0,51,45,0,11,83.3333333333333,38.8888888888889,57.5,0,40,55.8,100,50,62,45.125,59.9074074074074,58.0236111111111,"D"
"268",52.5,77.5,97.5,50,95,80,79,90,50,12,66.6666666666667,38.8888888888889,65,90,46.4,52.65,100,58,58.5,77.6875,73.8888888888889,70.6145833333333,"C"
"269",82.5,0,92.5,80,93,98,85,100,85,12,83.3333333333333,77.7777777777778,55,90,68.8,75.15,100,86,83.5,89.5,83.7037037037037,87.4805555555556,"B+"
"270",62.5,70,87.5,60,100,80,84,95,80,12,41.6666666666667,88.8888888888889,65,75,42.4,63.9,100,53,71,82.375,76.2962962962963,74.5069444444444,"C"
"271",65,55,87.5,90,90,72,77,0,80,12,83.3333333333333,72.2222222222222,57.5,80,68,75.6,100,85,84,77.0625,78.5185185185185,82.8965277777778,"B"
"272",85,90,90,20,95,85,97,75,80,12,58.3333333333333,27.7777777777778,50,30,59.52,57.6,100,74.4,64,87.125,46.1111111111111,73.9341666666667,"C"
"273",100,100,100,100,100,75,100,95,65,12,95.8333333333333,72.2222222222222,45,85,50.4,68.4,100,63,76,96.25,84.3518518518519,83.1277777777778,"B"
"274",87.5,100,92.5,100,100,100,90,100,100,12,83.3333333333333,88.8888888888889,75,85,69.6,81,100,87,90,97.8125,85.7407407407407,92.1048611111111,"A"
"275",92.5,70,85,80,100,97,79,100,85,12,83.3333333333333,100,95,100,76.8,68.4,100,96,76,89.8125,98.3333333333333,89.89375,"A-"
"276",62.5,80,75,100,95,95,100,85,100,12,75,100,80,75,56.8,53.55,100,71,59.5,91.25,85,79.2,"C+"
"277",87,100,100,100,99,99,100,100,96,11,50,66.6666666666667,70,90,64,78.75,100,80,87.5,99.25,75.5555555555556,88.9833333333333,"A-"
"278",60,75,100,0,100,94,100,90,100,10,50,33.3333333333333,25,40,69.6,44.55,80,87,49.5,89.875,41.1111111111111,70.9041666666667,"C"
"279",79,96.5,92.5,100,100,98,87,100,82,12,100,77.7777777777778,75,100,66.4,70.65,100,83,78.5,94.5,92.5925925925926,88.4638888888889,"A-"
"280",87.5,97.5,95,90,90,88,100,60,100,12,66.6666666666667,83.3333333333333,67.5,0,68.8,70.2,100,86,78,93.5,72.5,85.625,"B"
"281",60,82.5,92.5,80,0,73,85.5,100,85,11,75,50,57.5,65,76.8,74.7,100,96,83,82.3125,65.8333333333333,84.51875,"B"
"282",90,100,100,100,95,99,100,95,100,12,100,100,80,90,64.8,72.9,100,81,81,98.625,96.6666666666667,90.5375,"A"
"283",92.5,100,100,100,100,99,100,100,95,12,83.3333333333333,66.6666666666667,70,95,71.2,76.5,100,89,85,99.25,82.7777777777778,91.2416666666667,"A"
"284",87.5,100,65,70,0,76,80,100,98,9,50,33.3333333333333,55,95,53.6,70.2,60,67,78,84.5625,66.6666666666667,74.26875,"C"
"285",0,85,100,100,100,99,100,97.5,100,12,66.6666666666667,77.7777777777778,70,75,60,81,100,75,90,97.6875,74.2592592592593,87.9451388888889,"B+"
"286",70,70,55,65,72.5,58,47,60,80,12,91.6666666666667,55.5555555555556,75,100,65.6,58.05,100,82,64.5,66.3125,88.8888888888889,75.7520833333333,"C"
"287",82.5,77.5,100,90,95,93,84,100,85,12,100,77.7777777777778,85,45,59.2,70.2,100,74,78,91.1875,87.5925925925926,84.7951388888889,"B"
"288",100,85,100,100,100,87,97,90,100,12,66.6666666666667,100,85,90,64,66.15,100,80,73.5,96.75,91.6666666666667,87.15,"B+"
"289",82.5,100,92.5,80,100,99,100,80,100,12,100,100,90,100,71.2,89.1,100,89,99,94.25,100,95.825,"A+"
"290",0,80,100,95,78,90,77,75,97,11,83.3333333333333,66.6666666666667,55,85,58.4,59.85,100,73,66.5,86.5,78.3333333333333,78.925,"C+"
"291",77.5,0,92.5,90,85,66,48,70,85,12,50,50,25,30,28,40.05,100,35,44.5,76.75,43.3333333333333,57.65,"D"
"292",92.5,72.5,72.5,30,0,83,100,0,85,12,58.3333333333333,44.4444444444444,35,15,20.8,18.45,100,26,20.5,66.9375,45.9259259259259,47.2951388888889,"F"
"293",92.5,100,100,100,100,99,97,100,85,12,91.6666666666667,100,95,100,71.2,79.65,100,89,88.5,98.5625,98.3333333333333,94.24375,"A"
"294",73.5,85,95,90,99,88,97,90,100,12,50,77.7777777777778,45,70,75.2,64.8,100,94,72,93,65.9259259259259,84.5888888888889,"B"
"295",92.5,100,100,100,100,100,92,0,95,12,91.6666666666667,94.4444444444444,75,100,78.4,80.1,100,98,89,97.4375,95.3703703703704,95.3868055555556,"A+"
"296",92.5,92.5,97.5,80,97,100,89,90,60,11,87.5,66.6666666666667,30,70,51.2,44.1,100,64,49,92.3125,74.7222222222222,73.9520833333333,"C"
"297",52.5,47.5,97.5,75,65,81,79,90,65,10,75,44.4444444444444,40,75,39.2,60.3,80,49,67,75.625,64.8148148148148,66.9597222222222,"C-"
"298",77.5,92.5,77.5,90,93,90,90,55,65,11,66.6666666666667,44.4444444444444,30,50,64,49.05,100,80,54.5,84.4375,53.7037037037037,73.0118055555556,"C"
"299",72.5,65,90,70,75,84,65,80,85,11,83.3333333333333,61.1111111111111,80,95,64,71.1,100,80,79,77.6875,86.1111111111111,81.9729166666667,"B-"
"300",78.5,0,72.5,90,95,87,97,100,100,11,50,77.7777777777778,85,65,56,60.75,100,70,67.5,90,75.9259259259259,79.2638888888889,"C+"
"301",80,100,95,70,87.5,90,96,100,85,12,91.6666666666667,61.1111111111111,55,95,61.6,80.55,100,77,89.5,91.6875,82.5925925925926,87.6701388888889,"B+"
"302",62.5,0,77.5,90,100,98,100,90,100,12,100,94.4444444444444,35,90,76,74.25,100,95,82.5,89.75,94.8148148148148,90.7722222222222,"A"
"303",94,100,100,90,100,99,100,95,95,12,91.6666666666667,77.7777777777778,80,90,56.8,65.25,100,71,72.5,97.875,87.2222222222222,84.7708333333333,"B"
"304",66,85,90,90,100,0,65,95,100,12,83.3333333333333,22.2222222222222,75,65,42.4,36.9,100,53,41,86.375,74.4444444444444,67.9291666666667,"C-"
"305",77.5,85,85,60,100,100,86,100,80,12,75,83.3333333333333,75,65,44,60.3,100,55,67,89.1875,77.7777777777778,76.1729166666667,"C"
"306",87.5,77.5,100,95,95,100,0,75,75,12,95.8333333333333,88.8888888888889,75,100,67.2,72.9,100,84,81,88.125,94.9074074074074,87.7236111111111,"B+"
"307",99.5,100,100,90,72.5,100,97,100,98,12,91.6666666666667,100,75,90,56,70.2,100,70,78,98.0625,93.8888888888889,87.0020833333333,"B+"
"308",82.5,100,95,80,95,96,100,80,85,12,100,77.7777777777778,85,90,72,76.5,100,90,85,91.6875,91.6666666666667,90.50625,"A"
"309",85,95,85,100,100,98,88,90,85,12,100,50,65,95,64.8,67.5,100,81,75,92.625,86.6666666666667,85.7375,"B"
"310",52.5,92.5,97.5,0,91.25,0,0,0,0,10,58.3333333333333,0,0,0,43.2,20.7,80,54,23,41.71875,19.4444444444444,39.9822916666667,"F"
"311",87.5,77.5,100,60,100,89,83,80,80,12,83.3333333333333,77.7777777777778,65,80,59.2,71.55,100,74,79.5,87.125,80.3703703703704,82.8680555555556,"B"
"312",92.5,100,95,100,100,99,100,85,98,12,100,88.8888888888889,75,95,80,84.15,100,100,93.5,98.0625,94.6296296296296,96.9881944444444,"A+"
"313",47.5,72.5,92.5,95,100,88.5,80,82.5,100,12,75,61.1111111111111,45,100,47.2,62.1,100,59,69,88.875,78.7037037037037,77.5180555555555,"C+"
"314",98,94,77.5,90,95,97,100,90,99,12,91.6666666666667,72.2222222222222,55,75,60.8,48.6,100,76,54,95.375,79.6296296296296,79.2569444444444,"C+"
"315",80.5,85,100,90,95,96,86,60,100,12,66.6666666666667,77.7777777777778,75,95,76.8,66.15,100,96,73.5,91.5625,82.5925925925926,87.4326388888889,"B+"
"316",60,0,90,0,0,91,0,47.5,66,11,75,72.2222222222222,30,100,62.4,53.55,100,78,59.5,44.3125,82.4074074074074,66.1298611111111,"C-"
"317",0,50,42.5,80,100,83,71,75,50,12,66.6666666666667,61.1111111111111,55,35,14.4,39.6,100,18,44,68.9375,60.9259259259259,54.4201388888889,"D"
"318",92.5,85,100,70,90,96,100,100,100,11,75,66.6666666666667,45,95,67.2,64.8,100,84,72,95.4375,78.8888888888889,85.2645833333333,"B"
"319",92.5,100,100,100,100,0,90,100,100,11,91.6666666666667,61.1111111111111,65,80,78.4,75.6,100,98,84,97.8125,78.8888888888889,91.7770833333333,"A"
"320",87.5,100,97.5,100,90,80,100,80,94,12,75,72.2222222222222,60,75,54.4,53.1,100,68,59,93.625,74.0740740740741,77.5486111111111,"C+"
"321",65,100,90,90,100,99,86,72.5,75,12,100,88.8888888888889,80,95,71.2,72.9,100,89,81,89.0625,94.6296296296296,88.9631944444444,"A-"
"322",92.5,100,100,100,95,100,86,100,80,12,95.8333333333333,72.2222222222222,60,100,62.4,74.25,100,78,82.5,96.6875,89.3518518518518,88.6340277777778,"A-"
"323",82.5,100,95,100,0,100,92,100,100,12,58.3333333333333,100,65,80,68.8,63.9,100,86,71,96.1875,81.6666666666667,86.05625,"B+"
"324",0,75,67.5,90,80,71,0,50,0,8,83.3333333333333,61.1111111111111,25,35,64,44.55,40,80,49.5,54.1875,59.8148148148148,57.6034722222222,"D"
"325",82.5,87.5,85,35,60,95,87,100,85,11,58.3333333333333,94.4444444444444,95,100,71.2,81,100,89,90,85.25,96.4814814814815,90.3472222222222,"A"
"326",82.5,100,85,90,95,85,90,100,82.5,12,100,55.5555555555556,65,75,46.4,71.1,100,58,79,90.9375,80,80.63125,"B-"
"327",72.5,100,100,100,100,80,76,85,98,12,91.6666666666667,72.2222222222222,70,100,74.4,80.1,100,93,89,92.375,87.9629629629629,91.7569444444444,"A"
"328",72.5,70,100,90,100,95,97,100,85,12,100,88.8888888888889,75,80,72,75.15,100,90,83.5,92.4375,89.6296296296296,90.0506944444444,"A"
"329",0,0,0,10,0,0,53.5,70,32,9,33.3333333333333,0,55,45,32.8,56.7,60,41,63,20.6875,44.4444444444444,42.8229166666667,"F"
"330",88.5,99,0,0,85,0,0,85,85,12,75,50,80,70,57.6,50.85,100,72,56.5,55.3125,75,66.36875,"C-"
"331",95,95,100,100,95,99,100,100,100,12,91.6666666666667,88.8888888888889,65,100,65.6,81,100,82,90,98.625,93.5185185185185,92.5152777777778,"A"
"332",72.5,92.5,100,90,95,89,83,95,100,12,91.6666666666667,22.2222222222222,60,75,60.8,57.15,100,76,63.5,93.0625,75.5555555555556,80.3270833333333,"B-"
"333",100,85,100,100,100,99,97,85,95,12,100,100,100,100,80,89.1,100,100,99,97,100,98.85,"A+"
"334",92.5,75,100,100,96.25,96,100,90,100,12,75,88.8888888888889,70,90,61.6,74.7,100,77,83,96.84375,84.6296296296296,87.8975694444444,"B+"
